{
"coef_1":-0.313356870513,
"coef_2":0.0693075526717,
"coef_3":0.273958261895,
"coef_4":-2.82628935375,
"coef_5":2.59610936245,
"coef_6":0.293529886263,
"coef_7":0.147062616864,
"coef_8":3.19136545884,
"coef_9":-0.824275312103,
"coef_10":-0.149264985007,
"coef_11":-0.0959920307561,
"coef_12":0.000955013463797,
"coef_13":-0.0137202335295,
"coef_14":-0.0111949684705,
"coef_15":-0.0248565804135,
"coef_16":1.39271060207,
"coef_17":88.2281731399,
"coef_18":-2.04963299782,
"coef_19":-0.228536125561,
"coef_20":1.75724388915,
"coef_21":-88.6328085321,
"coef_22":0.244950687096,
"coef_23":0.0709404290823,
"coef_24":-0.0294659492275,
"coef_25":0.139002011,
"coef_26":0.0430588488856,
"coef_27":0.458074319552,
"coef_28":-0.111819622872,
"coef_29":0.392656780503,
"coef_30":-0.0445373425549,
"coef_31":0.0177406287835,
"coef_32":0.15563025075,
"coef_33":-0.0138810188714,
"coef_34":-0.0152090921978,
"coef_35":0.0545060871142,
"coef_36":0.0858060383119,
"coef_37":-0.0299830610065,
"coef_38":0.0392807383213,
"coef_39":1.02407971049,
"coef_40":0.404184500336
}